       30784
       12209
       40492
       51075
        8316
       62126
       45513
       57813
         900
       54699
       58962
       63504
       17595
       29177
       21527
       47265
       56604
       52471
       47769
       12211
       39723
       45080
       58874
       47933
       39582
       37860
       17665
       56242
       38648
       13405
       12912
        4347
       50603
       44426
       53757
       50132
         887
       55046
       42146
       51685
       37725
       12559
       50298
       34371
       24115
       54781
       25855
        2435
       36560
       25446
       39866
       43755
       44226
       48314
       15749
       52119
       44203
       32594
       43203
       11537
       53762
        7772
       35230
       36995
       39241
       21286
       15877
       27167
       41086
       12527
       15567
       60091
       30595
        2106
       38794
        5026
       60653
       37614
       64167
       35293
       11755
       59538
       54301
       18076
        3335
        8728
        8449
       46098
       62820
       21414
         460
       35778
       29955
       26755
       12588
       26524
       32071
        1890
       37571
       30404
       54863
       46227
       18771
       32337
       35039
        1647
       52400
       50027
       44321
       35659
       27009
       59864
       23714
       60770
       15324
       23051
          79
       44278
       16313
       18844
       50172
       22959
       60053
       13699
       54000
       40984
       19432
       48584
       45796
       61759
       23727
       13732
       35043
       34473
       36040
        9508
       50010
        6892
       61314
       10636
       24505
       29523
       10642
       17607
        4491
       43111
       18778
        8578
       20303
        4944
